   A_diel =       -0.0222783906137032
   Eewald =     3741.3764621770374106
       EH =     4014.9653484057771493
     Eloc =    -8271.1263504152520909
      Enl =       40.7229838068569592
     EvdW =       -0.0710392668004952
      Exc =     -118.8886811893254958
 Exc_core =       18.2275870294184976
       KE =      194.7288535886589784
  MuShift =        0.0039733215943079
-------------------------------------
     Etot =     -380.0831409326481207
       TS =        0.0002801945507475
-------------------------------------
        F =     -380.0834211271988465
      muN =      -36.1837787779133393
-------------------------------------
        G =     -343.8996423492855001
